00
00
00
00
00
00
00
00
00
00
00
00
00
00
00
00
00
00
00
00
00
00
00
00
00
00
00
00
00
00
00
00
00
00
00
00
00
00
00
00
00
00
00
00
00
00
00
00
00
00
00
00
00
00
00
00
00
00
00
00
00
00
00
00
00
00
00
00
00
00
00
00
00
00
00
00
00
00
00
00
00
00
00
00
00
00
00
00
00
00
00
00
00
00
00
00
00
00
00
00
00
00
00
00
00
00
00
00
00
00
00
00
00
00
00
00
00
00
00
00
00
00
00
00
00
00
00
00
00
00
00
00
00
00
00
00
00
00
00
00
00
00
00
00
00
00
00
00
00
00
00
00
00
00
00
00
00
00
00
00
00
00
00
00
00
00
00
00
00
00
00
00
00
00
00
00
00
00
00
00
00
00
00
00
00
00
00
00
00
00
00
00
00
00
00
00
00
00
00
00
00
00
00
00
00
00
00
00
00
00
00
00
00
00
00
00
00
00
00
00
00
00
00
00
00
00
00
00
00
00
00
00
00
00
00
00
00
00
00
00
00
00
00
00
00
00
00
00
00
00
00
00
00
00
00
00
221
321
210
210
311
311
210
210
210
210
210
210
210
211
211
211
321
321
211
211
321
321
210
210
210
210
210
210
210
211
211
211
211
211
211
211
211
211
321
321
421
421
421
421
211
211
210
210
211
211
211
211
211
211
321
321
421
421
421
421
211
211
210
210
210
211
b97
b86
c97
c97
c98
c98
b87
b87
b97
b97
a75
a75
210
321
210
211
b87
b86
b87
b87
c97
c98
b87
b87
b87
b87
a75
a75
210
321
a76
a76
b86
b86
a76
a76
a76
a86
975
975
b87
b87
964
964
964
964
a76
a76
b86
b86
a76
a76
a76
a86
975
975
b87
b87
964
964
964
964
b86
b86
fff
fff
428
438
b76
b76
b87
b87
438
438
fff
fff
965
a76
b86
b86
fff
fff
438
538
b76
b76
b87
b87
438
538
fff
fff
965
a76
964
964
a75
a75
b87
b87
632
632
632
632
c96
c86
953
963
743
753
964
964
b76
b76
b87
b87
643
643
643
643
c86
b86
a64
a64
753
853
854
854
954
954
310
310
843
843
843
843
310
410
954
853
753
853
854
954
954
954
310
420
843
843
843
843
420
421
964
854
753
853
642
642
642
642
420
420
310
310
310
310
421
421
853
853
743
743
642
642
642
642
420
420
410
410
421
421
421
421
853
853
743
743
aaa
aaa
aaa
999
aaa
aaa
999
999
888
888
999
999
999
999
999
999
aaa
aaa
999
999
aaa
aaa
999
999
888
888
888
888
999
999
999
999
99a
999
999
999
999
999
aaa
aaa
bbb
bbb
bbb
bbb
999
999
999
999
999
999
999
999
999
999
aaa
aaa
ccc
ccc
bbb
bbb
999
999
999
999
999
999
ccc
ccc
ccc
ccc
ddd
ddd
ccc
ddd
ddd
ddd
bbb
bbb
aaa
aaa
999
999
ccc
ccc
ccc
ccc
ddd
ddd
ccc
ccc
ccc
ccc
bbb
bbb
aaa
aaa
bbb
bbb
ccc
ccc
bbb
bbb
ccc
bbb
aaa
aaa
ccc
ccc
aaa
aaa
aaa
aaa
bbb
bbb
ccc
ccc
bbb
bbb
ccc
ccc
aaa
aaa
ccc
ccc
aaa
aaa
aaa
aaa
ccc
ccc
444
444
444
444
ccc
ccc
ccc
ccc
333
333
444
444
bbb
bbb
ccc
ccc
555
444
444
444
ccc
ccc
ccc
ccc
444
444
444
444
bbb
bbb
aaa
aaa
ccc
ccc
ddd
ddd
777
777
777
777
ddd
ddd
aaa
bbb
888
888
aaa
aaa
bbb
ccc
ccc
ccc
777
888
888
888
ccc
ccc
aaa
aaa
888
888
aaa
999
555
444
444
444
444
444
444
444
444
444
444
444
999
999
aaa
999
555
444
444
444
444
444
444
444
444
444
444
444
999
999
888
888
888
888
888
888
888
888
999
999
888
888
999
999
888
888
888
888
777
777
888
888
888
888
999
999
888
888
999
999
888
888
362
362
473
473
473
252
252
362
473
473
362
362
252
473
473
363
362
362
473
473
473
252
252
362
473
473
362
362
252
473
473
363
363
363
474
474
484
252
252
473
363
363
262
262
362
262
262
463
363
363
474
474
484
252
252
473
363
363
262
262
362
262
262
463
362
362
362
362
473
463
463
362
352
352
362
362
362
362
362
252
362
362
373
373
362
463
463
362
363
363
362
362
474
473
473
363
362
362
373
373
362
463
463
362
363
363
362
362
474
473
473
363
363
363
574
574
474
473
473
252
363
363
363
363
363
363
363
251
362
362
363
363
463
574
574
362
473
473
352
352
362
363
363
252
362
362
363
363
463
574
574
362
473
473
352
352
362
363
363
252
251
251
463
463
362
363
363
251
252
252
362
362
362
363
363
362
251
251
463
463
362
363
363
251
252
252
362
362
362
363
363
362
362
362
473
473
473
352
352
252
252
252
362
362
473
473
473
363
252
252
584
584
473
474
474
252
251
251
363
363
474
362
362
363
252
252
584
584
473
474
474
252
251
251
363
363
474
362
362
363
362
362
362
362
574
362
362
252
362
362
363
363
252
373
373
352
b85
964
964
753
753
b86
964
964
753
753
532
753
753
b86
753
b86
753
964
532
753
753
532
532
532
753
532
965
753
b86
964
532
532
b86
753
753
532
b86
964
964
753
b86
532
753
753
532
987
a86
753
964
765
a86
753
532
964
753
b86
964
964
753
532
753
a86
964
753
964
753
964
b86
532
964
753
753
964
532
753
b86
753
964
532
753
b85
532
964
964
753
964
532
532
532
753
753
532
753
753
753
b86
b85
753
753
753
765
753
753
b86
b86
753
b86
b86
753
964
753
964
753
753
b86
b86
965
964
532
753
964
532
964
753
753
987
965
964
964
753
753
964
753
964
532
532
753
964
753
753
964
965
532
753
753
964
532
753
753
532
532
753
753
964
753
532
b86
b85
753
964
753
964
753
b86
753
965
b86
964
532
b86
b86
532
964
964
987
753
964
753
753
964
753
964
753
964
765
965
632
532
964
964
753
532
532
532
753
964
753
753
b86
753
754
753
753
965
753
753
b86
b86
753
965
753
753
754
753
964
964
753
532
532
532
753
b86
964
964
964
753
753
b86
753
532
753
532
b86
753
753
965
753
753
964
964
964
753
b86
964
964
753
987
754
964
964
753
753
987
965
753
532
111
111
111
111
111
111
111
001
111
111
111
111
111
111
001
001
002
112
112
112
000
112
111
001
111
111
112
212
001
000
112
111
111
001
001
111
000
111
000
212
111
325
001
325
001
001
111
001
001
111
111
111
111
001
112
111
111
001
001
001
112
111
111
111
111
000
111
112
111
112
224
112
112
325
001
000
112
112
001
001
111
111
001
001
001
001
001
001
001
001
111
001
001
001
001
111
001
112
101
111
212
111
001
111
111
001
001
112
335
111
112
001
001
001
001
001
001
111
001
324
111
101
111
324
001
111
001
111
111
111
001
001
111
001
112
000
111
001
111
000
001
111
001
111
111
324
325
001
324
111
000
213
111
324
001
112
001
001
325
001
001
112
111
001
111
111
112
111
111
001
001
001
111
111
111
000
111
111
324
325
111
324
000
000
001
000
001
001
324
325
111
111
001
324
111
212
111
111
112
111
111
112
000
001
112
111
112
001
111
111
001
001
111
001
111
001
111
001
002
000
111
111
001
111
111
324
111
101
000
112
001
111
001
111
111
325
001
001
112
325
111
111
111
001
001
112
112
001
001
111
112
112
001
001
112
111
362
362
473
473
473
352
352
363
473
473
362
362
352
473
473
463
362
362
473
473
473
352
033
033
033
033
133
362
352
473
473
463
363
363
474
474
484
252
143
143
143
143
143
252
362
362
362
463
363
363
474
474
484
033
fff
fff
fff
fff
eee
033
362
362
362
463
363
363
362
362
033
fff
afe
afe
afe
dff
cfe
3ec
033
362
362
252
362
362
373
033
fff
cff
afe
afe
fff
4ec
4ec
4fd
033
473
473
463
362
362
373
033
fff
afe
fff
cff
cff
cff
cfe
4ed
3db
033
473
463
363
363
033
fff
afe
fff
8fd
8fd
8fd
8fd
8ed
287
4ec
033
363
251
362
362
033
fff
afe
cff
8fd
8fd
8fd
8fd
8ed
287
4ec
3db
033
252
362
362
033
fff
cff
2cb
8fd
8fd
8fd
8fd
8ed
298
176
176
033
252
252
252
033
fff
4ec
4ec
298
298
298
298
298
2cb
2cb
298
033
363
252
252
253
9aa
4ec
3ba
2a9
2a9
2a9
2a9
2a9
2a9
2cb
166
253
363
362
362
473
033
4ec
176
2cb
2cb
2cb
2cb
2ca
176
2ca
033
473
463
352
352
584
033
3db
176
2cb
2cb
2cb
2cb
2ca
176
298
033
362
463
352
352
584
584
033
298
2cb
2cb
2cb
2cb
2ca
298
033
362
362
463
363
363
363
363
574
033
033
033
033
033
033
033
252
473
473
352